예제

10 500
50000 20000 100000 90000 80000 50000 60000 45000 80000 60000
500 30 50000 2000 10 50000 8000 300 2000 4500
5000 200 50000 20000 300 500 200 25000 120 1500

10 10000
50000 20000 100000 90000 80000 50000 60000 45000 80000 60000
500 30 50000 2000 10 50000 1200 300 2000 4500
5000 200 50000 20000 300 500 30 25000 120 1500

//반례
//아직은 증명이 필요
10 550
50000 20000 100000 90000 80000 50000 60000 45000 80000 60000
500 30 50000 2000 10 50000 1500 300 2000 4500
5000 200 50000 20000 300 500 39 25000 120 1500

10 10000
50000 20000 100000 90000 80000 50000 60000 45000 80000 60000
500 30 50000 2000 10 50000 1500 300 2000 4500
5000 200 50000 20000 300 500 40 25000 120 1500

10 10000
50000 20000 100000 90000 80000 50000 60000 45000 80000 60000
500 30 50000 2000 10 50000 1500 300 2000 4500
5000 200 50000 20000 300 500 38 25000 120 1500